%YAML:1.0

#common parameters
#support: 1 imu 1 cam; 1 imu 2 cam: 2 cam; 
imu: 1         
num_of_cam: 2  

imu_topic: "/djiros/imu"
image0_topic: "/camera/infra1/image_rect_raw"
image1_topic: "/camera/infra2/image_rect_raw"
output_path: "~/output/"

cam0_calib: "left_5660.yaml"
cam1_calib: "right_5660.yaml"
image_width: 640
image_height: 480
   

# Extrinsic parameter between IMU and Camera.
estimate_extrinsic: 1   # 0  Have an accurate extrinsic parameters. We will trust the following imu^R_cam, imu^T_cam, don't change it.
                        # 1  Have an initial guess about extrinsic parameters. We will optimize around your initial guess.

body_T_cam0: !!opencv-matrix
   rows: 4
   cols: 4
   dt: d
   data: [ -8.9355548926082218e-03, -4.7161632480919313e-03,
       9.9994895552872043e-01, 8.9599947535121655e-02,
       -9.9995229031683008e-01, 3.9885141298856563e-03,
       -8.9167732483371176e-03, 1.4286905182102854e-02,
       -3.9462575800057187e-03, -9.9998092459769139e-01,
       -4.7515778283855337e-03, 8.4552968117333517e-03, 0., 0., 0., 1. ]
body_T_cam1: !!opencv-matrix
   rows: 4
   cols: 4
   dt: d
   data: [ -6.7210555763113078e-03, -6.8719598824178996e-03,
       9.9995380072247075e-01, 9.0332825438656325e-02,
       -9.9996964992870629e-01, 3.9865683937803098e-03,
       -6.6937653008454778e-03, -3.5168174815196560e-02,
       -3.9403849305911232e-03, -9.9996844122193007e-01,
       -6.8985452656789015e-03, 8.1115055608706015e-03, 0., 0., 0., 1. ]

#Multiple thread support
multiple_thread: 1

#feature traker paprameters
max_cnt: 150            # max feature number in feature tracking
min_dist: 30            # min distance between two features 
freq: 10                # frequence (Hz) of publish tracking result. At least 10Hz for good estimation. If set 0, the frequence will be same as raw image 
F_threshold: 1.0        # ransac threshold (pixel)
show_track: 1           # publish tracking image as topic
flow_back: 1            # perform forward and backward optical flow to improve feature tracking accuracy

#optimization parameters
max_solver_time: 0.04  # max solver itration time (ms), to guarantee real time
max_num_iterations: 8   # max solver itrations, to guarantee real time
keyframe_parallax: 10.0 # keyframe selection threshold (pixel)

#imu parameters       The more accurate parameters you provide, the better performance
acc_n: 0.1          # accelerometer measurement noise standard deviation. 
gyr_n: 0.01         # gyroscope measurement noise standard deviation.     
acc_w: 0.001        # accelerometer bias random work noise standard deviation.  
gyr_w: 0.0001       # gyroscope bias random work noise standard deviation.     
g_norm: 9.81007     # gravity magnitude

#unsynchronization parameters
estimate_td: 0                      # online estimate time offset between camera and imu
td: 0.0                             # initial value of time offset. unit: s. readed image clock + td = real image clock (IMU clock)

#loop closure parameters
load_previous_pose_graph: 0        # load and reuse previous pose graph; load from 'pose_graph_save_path'
pose_graph_save_path: "~/output/pose_graph/" # save and load path
save_image: 1                   # save image in pose graph for visualization prupose; you can close this function by setting 0 
