%YAML:1.0
---
model_type: PINHOLE
camera_name: camera
image_width: 640
image_height: 480
distortion_parameters:
   k1: 0.0
   k2: 0.0
   p1: 0.0
   p2: 0.0
projection_parameters:
   fx: 387.0380554199219
   fy: 387.0380554199219
   cx: 324.03570556640625
   cy: 237.81298828125
